Zini MH logAge Mini int_IMF Mass logL logTe logg label McoreTP C_O period0 period1 period2 period3 period4 pmode Mloss tau1m X Y Xc Xn Xo Cexcess Z mbolmag umag gmag rmag imag zmag
0.000100 -2.191740 10.113940 0.100000 1.171106 0.100000 -2.779000 3.558900 5.405000 1 0.000000 0.545000 0.000000 0.000000 0.000000 0.000000 0.000000  -0.000000 0.000000 0.744800 0.255100 0.000018 0.000005 0.000044  0.000100 11.718000 32.307829 29.310669 27.638589 26.964629 26.567249
0.000100 -2.191740 10.113940 0.109821 1.248275 0.109000 -2.631000 3.574200 5.356000 1 0.000000 0.545000 0.000000 0.000000 0.000000 0.000000 0.000000  -0.000000 0.000000 0.742900 0.257000 0.000018 0.000005 0.000044  0.000100 11.346000 31.437829 28.711669 27.184589 26.578629 26.223249
0.000100 -2.191740 10.113940 0.129464 1.378675 0.129000 -2.388000 3.596700 5.276000 1 0.000000 0.545000 0.000000 0.000000 0.000000 0.000000 0.000000  -0.000000 0.000000 0.739700 0.260200 0.000018 0.000005 0.000044  0.000100 10.740000 30.199829 27.808669 26.489589 25.956629 25.648249
0.000100 -2.191740 10.113940 0.149107 1.485596 0.149000 -2.224000 3.608000 5.219000 1 0.000000 0.545000 0.000000 0.000000 0.000000 0.000000 0.000000  -0.000000 0.000000 0.737700 0.262200 0.000018 0.000005 0.000044  0.000100 10.331000 29.510829 27.266669 26.040589 25.539629 25.251249
0.000100 -2.191740 10.113940 0.168750 1.575614 0.168000 -2.098000 3.615300 5.174000 1 0.000000 0.545000 0.000000 0.000000 0.000000 0.000000 0.000000  -0.000000 0.000000 0.736900 0.263000 0.000018 0.000005 0.000044  0.000100 10.014000 29.024829 26.869669 25.698589 25.217629 24.942249
0.000100 -2.191740 10.113940 0.208036 1.720450 0.207000 -1.894000 3.626200 5.106000 1 0.000000 0.545000 0.000000 0.000000 0.000000 0.000000 0.000000  -0.000000 0.000000 0.736600 0.263300 0.000018 0.000005 0.000044  0.000100 9.506000 28.275829 26.246669 25.154589 24.701629 24.444249
0.000100 -2.191740 10.113940 0.257143 1.858127 0.257000 -1.707000 3.636300 5.051000 1 0.000000 0.545000 0.000000 0.000000 0.000000 0.000000 0.000000  -0.000000 0.000000 0.736900 0.263000 0.000018 0.000005 0.000044  0.000100 9.038000 27.597829 25.680669 24.653589 24.225629 23.985249
0.000100 -2.191740 10.113940 0.306250 1.965264 0.306000 -1.562000 3.644700 5.016000 1 0.000000 0.545000 0.000000 0.000000 0.000000 0.000000 0.000000  -0.000000 0.000000 0.736800 0.263100 0.000018 0.000005 0.000044  0.000100 8.675000 27.068829 25.241669 24.264589 23.856629 23.630249
0.000100 -2.191740 10.113940 0.355357 2.052111 0.355000 -1.440000 3.652600 4.990000 1 0.000000 0.544000 0.000000 0.000000 0.000000 0.000000 0.000000  -0.000000 0.000000 0.737800 0.262100 0.000018 0.000005 0.000044  0.000100 8.369000 26.611829 24.867669 23.934589 23.543629 23.330249
0.000100 -2.191740 10.113940 0.404464 2.124609 0.404000 -1.317000 3.661100 4.958000 1 0.000000 0.545000 0.000000 0.000000 0.000000 0.000000 0.000000  -0.000000 0.000000 0.750000 0.249900 0.000018 0.000005 0.000044  0.000100 8.062000 26.148829 24.493669 23.605589 23.232629 23.032249
0.000100 -2.191740 10.113940 0.453571 2.186481 0.453000 -1.169000 3.674500 4.913000 1 0.000000 0.545000 0.000000 0.000000 0.000000 0.000000 0.000000  -0.000000 0.000000 0.750700 0.249200 0.000018 0.000005 0.000044  0.000100 7.693000 25.539829 24.024669 23.204589 22.860629 22.679249
0.000100 -2.191740 10.113940 0.502679 2.240198 0.503000 -1.003000 3.689300 4.852000 1 0.000000 0.545000 0.000000 0.000000 0.000000 0.000000 0.000000  -0.000000 0.000000 0.752800 0.247100 0.000018 0.000005 0.000044  0.000100 7.278000 24.879829 23.510669 22.760589 22.446629 22.287249
0.000100 -2.191740 10.113940 0.551786 2.285131 0.551000 -0.798000 3.709000 4.765000 1 0.000000 0.544000 0.000000 0.000000 0.000000 0.000000 0.000000  -0.000000 0.000000 0.787900 0.212000 0.000015 0.000004 0.000038  0.000098 6.764000 24.078829 22.883669 22.219589 21.944629 21.813249
0.000100 -2.191740 10.113940 0.600893 2.321725 0.600000 -0.585000 3.734400 4.692000 1 0.000000 0.544000 0.000000 0.000000 0.000000 0.000000 0.000000  -0.000000 0.000000 0.801900 0.198100 0.000015 0.000004 0.000036  0.000069 6.234000 23.252829 22.234669 21.672589 21.444629 21.345249
0.000100 -2.191740 10.113940 0.604263 2.323987 0.604000 -0.570000 3.736400 4.687000 1 0.000000 0.543000 0.000000 0.000000 0.000000 0.000000 0.000000  -0.000000 0.000000 0.803000 0.196900 0.000014 0.000004 0.000036  0.000100 6.195000 23.193829 22.187669 21.633589 21.408629 21.312249
0.000100 -2.191740 10.113940 0.613927 2.330315 0.614000 -0.525000 3.742300 4.672000 1 0.000000 0.543000 0.000000 0.000000 0.000000 0.000000 0.000000  -0.000000 0.000000 0.806600 0.193400 0.000014 0.000004 0.000035  0.000078 6.083000 23.025829 22.053669 21.520589 21.305629 21.216249
0.000100 -2.191740 10.113940 0.623311 2.336244 0.623000 -0.481000 3.747900 4.657000 1 0.000000 0.543000 0.000000 0.000000 0.000000 0.000000 0.000000  -0.000000 0.000000 0.810200 0.189800 0.000014 0.000004 0.000034  0.000052 5.973000 22.865829 21.922669 21.411589 21.207629 21.125249
0.000100 -2.191740 10.113940 0.634369 2.342972 0.634000 -0.429000 3.754500 4.639000 1 0.000000 0.543000 0.000000 0.000000 0.000000 0.000000 0.000000  -0.000000 0.000000 0.814600 0.185300 0.000014 0.000004 0.000034  0.000071 5.842000 22.680829 21.768669 21.282589 21.090629 21.016249
0.000100 -2.191740 10.113940 0.644175 2.348717 0.644000 -0.382000 3.760200 4.621000 1 0.000000 0.542000 0.000000 0.000000 0.000000 0.000000 0.000000  -0.000000 0.000000 0.818800 0.181100 0.000013 0.000004 0.000033  0.000042 5.725000 22.516829 21.631669 21.167589 20.985629 20.918249
0.000100 -2.191740 10.113940 0.650000 2.352035 0.650000 -0.353000 3.763500 4.610000 1 0.000000 0.542000 0.000000 0.000000 0.000000 0.000000 0.000000  -0.000000 0.000000 0.821400 0.178500 0.000013 0.000004 0.000033  0.000100 5.654000 22.424829 21.551669 21.098589 20.922629 20.859249
0.000100 -2.191740 10.113940 0.653717 2.354117 0.653000 -0.335000 3.765500 4.603000 1 0.000000 0.542000 0.000000 0.000000 0.000000 0.000000 0.000000  -0.000000 0.000000 0.823400 0.176500 0.000013 0.000004 0.000032  0.000100 5.608000 22.365829 21.499669 21.054589 20.881629 20.820249
0.000100 -2.191740 10.113940 0.663233 2.359325 0.663000 -0.287000 3.770800 4.582000 1 0.000000 0.542000 0.000000 0.000000 0.000000 0.000000 0.000000  -0.000000 0.000000 0.828900 0.171000 0.000013 0.000003 0.000032  0.000100 5.488000 22.212829 21.364669 20.938589 20.773629 20.719249
0.000100 -2.191740 10.113940 0.672318 2.364139 0.672000 -0.240000 3.775700 4.560000 1 0.000000 0.541000 0.000000 0.000000 0.000000 0.000000 0.000000  -0.000000 0.000000 0.834500 0.165400 0.000012 0.000003 0.000031  0.000100 5.370000 22.068829 21.234669 20.824589 20.668629 20.619249
0.000100 -2.191740 10.113940 0.680379 2.368288 0.680000 -0.197000 3.780100 4.540000 1 0.000000 0.541000 0.000000 0.000000 0.000000 0.000000 0.000000  -0.000000 0.000000 0.839800 0.160200 0.000012 0.000003 0.000030  0.000058 5.262000 21.937829 21.114669 20.720589 20.570629 20.526249
0.000100 -2.191740 10.113940 0.688190 2.372201 0.688000 -0.153000 3.784300 4.518000 1 0.000000 0.540000 0.000000 0.000000 0.000000 0.000000 0.000000  -0.000000 0.000000 0.845100 0.154800 0.000012 0.000003 0.000029  0.000028 5.153000 21.810829 20.994669 20.615589 20.472629 20.433249
0.000100 -2.191740 10.113940 0.697435 2.376702 0.697000 -0.099000 3.789300 4.489000 1 0.000000 0.540000 0.000000 0.000000 0.000000 0.000000 0.000000  -0.000000 0.000000 0.851600 0.148400 0.000011 0.000003 0.000028  0.000058 5.018000 21.655829 20.846669 20.484589 20.350629 20.316249
0.000100 -2.191740 10.113940 0.700000 2.377927 0.700000 -0.084000 3.790600 4.481000 1 0.000000 0.540000 0.000000 0.000000 0.000000 0.000000 0.000000  -0.000000 0.000000 0.853300 0.146600 0.000011 0.000003 0.000028  0.000082 4.979000 21.611829 20.803669 20.446589 20.315629 20.283249
0.000100 -2.191740 10.113940 0.701722 2.378743 0.701000 -0.073000 3.791500 4.475000 1 0.000000 0.539000 0.000000 0.000000 0.000000 0.000000 0.000000  -0.000000 0.000000 0.854200 0.145700 0.000011 0.000003 0.000028  0.000096 4.953000 21.583829 20.775669 20.421589 20.291629 20.260249
0.000100 -2.191740 10.113940 0.709922 2.382568 0.709000 -0.020000 3.795600 4.444000 1 0.000000 0.537000 0.000000 0.000000 0.000000 0.000000 0.000000  -0.000000 0.000000 0.858100 0.141900 0.000011 0.000003 0.000027  0.000062 4.821000 21.439829 20.631669 20.292589 20.169629 20.143249
0.000100 -2.191740 10.113940 0.716962 2.385772 0.716000 0.028000 3.799100 4.414000 1 0.000000 0.535000 0.000000 0.000000 0.000000 0.000000 0.000000  -0.000000 0.000000 0.861000 0.138900 0.000011 0.000003 0.000027  0.000026 4.701000 21.311829 20.502669 20.174589 20.057629 20.035249
0.000100 -2.191740 10.113940 0.723779 2.388807 0.723000 0.077000 3.802300 4.381000 1 0.000000 0.534000 0.000000 0.000000 0.000000 0.000000 0.000000  -0.000000 0.000000 0.863600 0.136300 0.000011 0.000003 0.000027  0.000100 4.576000 21.181829 20.368669 20.052589 19.940629 19.922249
0.000100 -2.191740 10.113940 0.730595 2.391776 0.730000 0.131000 3.805400 4.343000 1 0.000000 0.532000 0.000000 0.000000 0.000000 0.000000 0.000000  -0.000000 0.000000 0.865900 0.134000 0.000011 0.000003 0.000026  0.000100 4.442000 21.042829 20.224669 19.918589 19.812629 19.798249
0.000100 -2.191740 10.113940 0.738469 2.395127 0.738000 0.200000 3.808700 4.293000 1 0.000000 0.531000 0.000000 0.000000 0.000000 0.000000 0.000000  -0.000000 0.000000 0.868300 0.131600 0.000010 0.000003 0.000026  0.000063 4.270000 20.868829 20.041669 19.748589 19.648629 19.637249
0.000100 -2.191740 10.113940 0.745826 2.398185 0.745000 0.272000 3.811300 4.235000 1 0.000000 0.529000 0.000000 0.000000 0.000000 0.000000 0.000000  -0.000000 0.000000 0.870400 0.129500 0.000010 0.000003 0.000026  0.000067 4.090000 20.690829 19.852669 19.568589 19.473629 19.466249
0.000100 -2.191740 10.113940 0.750000 2.399889 0.749000 0.316000 3.812400 4.198000 1 0.000000 0.528000 0.000000 0.000000 0.000000 0.000000 0.000000  -0.000000 0.000000 0.871300 0.128600 0.000010 0.000003 0.000026  0.000100 3.979000 20.581829 19.735669 19.457589 19.364629 19.358249
0.000100 -2.191740 10.113940 0.752597 2.400938 0.752000 0.344000 3.813200 4.174000 1 0.000000 0.528000 0.000000 0.000000 0.000000 0.000000 0.000000  -0.000000 0.000000 0.870800 0.129100 0.000010 0.000003 0.000026  0.000100 3.909000 20.512829 19.662669 19.387589 19.295629 19.291249
0.000100 -2.191740 10.113940 0.756677 2.402570 0.756000 0.393000 3.813700 4.131000 1 0.000000 0.528000 0.000000 0.000000 0.000000 0.000000 0.000000  -0.000000 0.000000 0.869500 0.130400 0.000010 0.000003 0.000026  0.000100 3.789000 20.395829 19.538669 19.265589 19.175629 19.171249
0.000100 -2.191740 10.113940 0.758073 2.403124 0.757000 0.411000 3.813400 4.111000 1 0.000000 0.528000 0.000000 0.000000 0.000000 0.000000 0.000000  -0.000000 0.000000 0.869100 0.130800 0.000011 0.000003 0.000027  0.000100 3.742000 20.350829 19.491669 19.217589 19.127629 19.123249
0.000100 -2.191740 10.113940 0.761867 2.404617 0.761000 0.466000 3.811400 4.051000 1 0.000000 0.528000 0.000000 0.000000 0.000000 0.000000 0.000000  -0.000000 0.000000 0.867900 0.132000 0.000011 0.000003 0.000027  0.000100 3.606000 20.222829 19.357669 19.079589 18.987629 18.980249
0.000100 -2.191740 10.113940 0.764522 2.405652 0.763000 0.508000 3.808700 3.999000 1 0.000000 0.528000 0.000000 0.000000 0.000000 0.000000 0.000000  -0.000000 0.000000 0.867100 0.132800 0.000011 0.000003 0.000027  0.000100 3.499000 20.123829 19.255669 18.970589 18.873629 18.864249
0.000100 -2.191740 10.113940 0.765089 2.405872 0.764000 0.518000 3.808000 3.987000 1 0.000000 0.528000 0.000000 0.000000 0.000000 0.000000 0.000000  -0.000000 0.000000 0.866900 0.133000 0.000011 0.000003 0.000027  0.000100 3.475000 20.102829 19.232669 18.946589 18.848629 18.838249
0.000100 -2.191740 10.113940 0.765649 2.406088 0.764000 0.529000 3.806800 3.972000 2 0.000000 0.528000 0.000000 0.000000 0.000000 0.000000 0.000000  -0.000000 0.000000 0.866800 0.133100 0.000011 0.000003 0.000027  0.000100 3.448000 20.077829 19.207669 18.917589 18.817629 18.806249
0.000100 -2.191740 10.113940 0.767532 2.406815 0.766000 0.569000 3.801300 3.910000 2 0.000000 0.528000 0.000000 0.000000 0.000000 0.000000 0.000000  -0.000000 0.000000 0.866200 0.133700 0.000011 0.000003 0.000027  0.000100 3.347000 19.991829 19.119669 18.813589 18.704629 18.687249
0.000100 -2.191740 10.113940 0.768975 2.407369 0.768000 0.606000 3.794600 3.848000 2 0.000000 0.528000 0.000000 0.000000 0.000000 0.000000 0.000000  -0.000000 0.000000 0.865800 0.134100 0.000011 0.000003 0.000027  0.000100 3.256000 19.920829 19.045669 18.718589 18.599629 18.574249
0.000100 -2.191740 10.113940 0.770104 2.407801 0.769000 0.639000 3.786700 3.784000 2 0.000000 0.528000 0.000000 0.000000 0.000000 0.000000 0.000000  -0.000000 0.000000 0.865400 0.134500 0.000011 0.000003 0.000027  0.000099 3.172000 19.862829 18.983669 18.631589 18.499629 18.465249
0.000100 -2.191740 10.113940 0.771015 2.408148 0.769000 0.670000 3.778300 3.719000 2 0.000000 0.529000 0.000000 0.000000 0.000000 0.000000 0.000000  -0.000000 0.000000 0.858300 0.141600 0.000011 0.000003 0.000028  0.000035 3.096000 19.816829 18.930669 18.551589 18.406629 18.361249
0.000100 -2.191740 10.113940 0.771780 2.408439 0.770000 0.699000 3.770200 3.658000 2 0.000000 0.531000 0.000000 0.000000 0.000000 0.000000 0.000000  -0.000000 0.000000 0.835700 0.164300 0.000013 0.000003 0.000032  0.000048 3.022000 19.778829 18.880669 18.475589 18.317629 18.263249
0.000100 -2.191740 10.113940 0.772455 2.408695 0.771000 0.730000 3.762700 3.598000 2 0.000000 0.533000 0.000000 0.000000 0.000000 0.000000 0.000000  -0.000000 0.000000 0.809900 0.190000 0.000014 0.000004 0.000036  0.000074 2.945000 19.737829 18.826669 18.397589 18.227629 18.164249
0.000100 -2.191740 10.113940 0.773053 2.408921 0.771000 0.764000 3.756100 3.538000 2 0.000000 0.535000 0.000000 0.000000 0.000000 0.000000 0.000000  -0.000000 0.000000 0.792600 0.207300 0.000015 0.000004 0.000038  0.000094 2.861000 19.689829 18.763669 18.312589 18.131629 18.061249
0.000100 -2.191740 10.113940 0.773646 2.409146 0.772000 0.806000 3.750400 3.473000 2 0.000000 0.536000 0.000000 0.000000 0.000000 0.000000 0.000000  -0.000000 0.000000 0.782100 0.217800 0.000016 0.000004 0.000039  0.000100 2.755000 19.618829 18.677669 18.206589 18.015629 17.938249
0.000100 -2.191740 10.113940 0.774114 2.409322 0.772000 0.846000 3.746600 3.418000 2 0.000000 0.536000 0.000000 0.000000 0.000000 0.000000 0.000000  -0.000000 0.000000 0.777000 0.222900 0.000016 0.000004 0.000040  0.000100 2.654000 19.544829 18.589669 18.106589 17.909629 17.827249
0.000100 -2.191740 10.113940 0.774434 2.409443 0.773000 0.877000 3.744400 3.379000 2 0.000000 0.536000 0.000000 0.000000 0.000000 0.000000 0.000000  -0.000000 0.000000 0.774300 0.225600 0.000016 0.000004 0.000041  0.000100 2.578000 19.484829 18.522669 18.030589 17.830629 17.745249
0.000100 -2.191740 10.113940 0.774720 2.409551 0.773000 0.907000 3.742800 3.343000 3 0.000000 0.536000 0.000000 0.000000 0.000000 0.000000 0.000000  -0.000000 0.000000 0.772500 0.227400 0.000016 0.000004 0.000041  0.000100 2.503000 19.421829 18.452669 17.956589 17.752629 17.666249
0.000100 -2.191740 10.113940 0.775095 2.409692 0.773000 0.948000 3.740900 3.294000 3 0.000000 0.537000 0.000000 0.000000 0.000000 0.000000 0.000000  -0.000000 0.000000 0.770400 0.229500 0.000017 0.000005 0.000041  0.000077 2.400000 19.333829 18.357669 17.854589 17.647629 17.558249
0.000100 -2.191740 10.113940 0.775473 2.409834 0.773000 0.992000 3.739000 3.243000 3 0.000000 0.537000 0.000000 0.000000 0.000000 0.000000 0.000000  -0.000000 0.000000 0.768500 0.231500 0.000017 0.000005 0.000041  0.000021 2.291000 19.238829 18.254669 17.745589 17.536629 17.444249
0.000100 -2.191740 10.113940 0.775835 2.409970 0.774000 1.036000 3.737400 3.192000 3 0.000000 0.537000 0.000000 0.000000 0.000000 0.000000 0.000000  -0.000000 0.000000 0.766800 0.233100 0.000017 0.000005 0.000041  0.000098 2.180000 19.140829 18.149669 17.635589 17.423629 17.329249
0.000100 -2.191740 10.113940 0.776220 2.410114 0.774000 1.086000 3.735700 3.135000 3 0.000000 0.537000 0.000000 0.000000 0.000000 0.000000 0.000000  -0.000000 0.000000 0.765200 0.234700 0.000017 0.000005 0.000042  0.000100 2.054000 19.029829 18.029669 17.511589 17.296629 17.200249
0.000100 -2.191740 10.113940 0.776543 2.410235 0.774000 1.132000 3.734300 3.084000 3 0.000000 0.537000 0.000000 0.000000 0.000000 0.000000 0.000000  -0.000000 0.000000 0.763800 0.236100 0.000017 0.000005 0.000042  0.000100 1.941000 18.928829 17.922669 17.399589 17.182629 17.084249
0.000100 -2.191740 10.113940 0.776870 2.410357 0.774000 1.181000 3.732800 3.029000 3 0.000000 0.537000 0.000000 0.000000 0.000000 0.000000 0.000000  -0.000000 0.000000 0.762600 0.237300 0.000017 0.000005 0.000042  0.000072 1.817000 18.817829 17.804669 17.276589 17.057629 16.957249
0.000100 -2.191740 10.113940 0.777190 2.410477 0.775000 1.234000 3.731200 2.970000 3 0.000000 0.537000 0.000000 0.000000 0.000000 0.000000 0.000000  -0.000000 0.000000 0.761300 0.238600 0.000017 0.000005 0.000042  0.000079 1.685000 18.698829 17.677669 17.145589 16.923629 16.821249
0.000100 -2.191740 10.113940 0.777449 2.410574 0.775000 1.281000 3.729700 2.917000 3 0.000000 0.536000 0.000000 0.000000 0.000000 0.000000 0.000000  -0.000000 0.000000 0.760400 0.239500 0.000017 0.000005 0.000042  0.000097 1.568000 18.595829 17.566669 17.029589 16.805629 16.701249
0.000100 -2.191740 10.113940 0.777698 2.410667 0.775000 1.330000 3.728300 2.862000 3 0.000000 0.536000 0.000000 0.000000 0.000000 0.000000 0.000000  -0.000000 0.000000 0.759500 0.240400 0.000017 0.000005 0.000042  0.000100 1.445000 18.487829 17.449669 16.908589 16.681629 16.576249
0.000100 -2.191740 10.113940 0.777922 2.410751 0.775000 1.378000 3.726800 2.809000 3 0.000000 0.536000 0.000000 0.000000 0.000000 0.000000 0.000000  -0.000000 0.000000 0.758700 0.241200 0.000017 0.000005 0.000042  0.000100 1.325000 18.381829 17.334669 16.788589 16.560629 16.452249
0.000100 -2.191740 10.113940 0.778125 2.410826 0.775000 1.426000 3.725300 2.755000 3 0.000000 0.535000 0.000000 0.000000 0.000000 0.000000 0.000000  -0.000000 0.000000 0.758100 0.241800 0.000017 0.000005 0.000042  0.000100 1.206000 18.277829 17.221669 16.670589 16.439629 16.330249
0.000100 -2.191740 10.113940 0.778307 2.410894 0.775000 1.472000 3.723800 2.702000 3 0.000000 0.535000 0.000000 0.000000 0.000000 0.000000 0.000000  -0.000000 0.000000 0.757500 0.242400 0.000017 0.000005 0.000042  0.000100 1.089000 18.173829 17.109669 16.555589 16.321629 16.210249
0.000100 -2.191740 10.113940 0.778479 2.410958 0.775000 1.521000 3.722300 2.647000 3 0.000000 0.534000 0.000000 0.000000 0.000000 0.000000 0.000000  -0.000000 0.000000 0.757100 0.242800 0.000017 0.000005 0.000042  0.000100 0.967000 18.066829 16.994669 16.434589 16.198629 16.085249
0.000100 -2.191740 10.113940 0.778632 2.411015 0.775000 1.568000 3.720700 2.594000 3 0.000000 0.534000 0.000000 0.000000 0.000000 0.000000 0.000000  -0.000000 0.000000 0.756800 0.243100 0.000017 0.000005 0.000042  0.000100 0.849000 17.961829 16.882669 16.317589 16.079629 15.964249
0.000100 -2.191740 10.113940 0.778767 2.411065 0.775000 1.614000 3.719200 2.541000 3 0.000000 0.534000 0.000000 0.000000 0.000000 0.000000 0.000000  -0.000000 0.000000 0.756600 0.243300 0.000017 0.000005 0.000042  0.000100 0.734000 17.861829 16.773669 16.204589 15.963629 15.846249
0.000100 -2.191740 10.113940 0.778890 2.411111 0.775000 1.660000 3.717600 2.490000 3 0.000000 0.533000 0.000000 0.000000 0.000000 0.000000 0.000000  -0.000000 0.000000 0.756400 0.243500 0.000017 0.000005 0.000042  0.000059 0.620000 17.763829 16.666669 16.092589 15.848629 15.729249
0.000100 -2.191740 10.113940 0.779006 2.411154 0.775000 1.706000 3.716100 2.437000 3 0.000000 0.533000 0.000000 0.000000 0.000000 0.000000 0.000000  -0.000000 0.000000 0.756300 0.243600 0.000017 0.000005 0.000042  0.000100 0.504000 17.667829 16.557669 15.977589 15.731629 15.610249
0.000100 -2.191740 10.113940 0.779107 2.411192 0.774000 1.751000 3.714400 2.386000 3 0.000000 0.533000 0.000000 0.000000 0.000000 0.000000 0.000000  -0.000000 0.000000 0.756300 0.243600 0.000017 0.000005 0.000042  0.000100 0.392000 17.575829 16.453669 15.866589 15.617629 15.494249
0.000100 -2.191740 10.113940 0.779201 2.411227 0.774000 1.796000 3.712900 2.334000 3 0.000000 0.533000 0.000000 0.000000 0.000000 0.000000 0.000000  -0.000000 0.000000 0.756300 0.243600 0.000017 0.000005 0.000042  0.000100 0.279000 17.482829 16.347669 15.755589 15.503629 15.377249
0.000100 -2.191740 10.113940 0.779288 2.411259 0.774000 1.841000 3.711300 2.283000 3 0.000000 0.533000 0.000000 0.000000 0.000000 0.000000 0.000000  -0.000000 0.000000 0.756300 0.243600 0.000017 0.000005 0.000042  0.000100 0.167000 17.389829 16.242669 15.643589 15.389629 15.261249
0.000100 -2.191740 10.113940 0.779364 2.411287 0.774000 1.885000 3.709700 2.233000 3 0.000000 0.533000 0.000000 0.000000 0.000000 0.000000 0.000000  -0.000000 0.000000 0.756300 0.243600 0.000017 0.000005 0.000042  0.000100 0.058000 17.301829 16.142669 15.537589 15.279629 15.149249
0.000100 -2.191740 10.113940 0.779435 2.411314 0.773000 1.928000 3.708100 2.183000 3 0.000000 0.533000 0.000000 0.000000 0.000000 0.000000 0.000000  -0.000000 0.000000 0.756300 0.243600 0.000017 0.000005 0.000042  0.000100 -0.050000 17.214829 16.042669 15.430589 15.170629 15.038249
0.000100 -2.191740 10.113940 0.779503 2.411339 0.773000 1.973000 3.706500 2.131000 3 0.000000 0.533000 0.000000 0.000000 0.000000 0.000000 0.000000  -0.000000 0.000000 0.756300 0.243600 0.000017 0.000005 0.000042  0.000100 -0.163000 17.124829 15.938669 15.319589 15.056629 14.922249
0.000100 -2.191740 10.113940 0.779562 2.411361 0.773000 2.015000 3.704800 2.082000 3 0.000000 0.533000 0.000000 0.000000 0.000000 0.000000 0.000000  -0.000000 0.000000 0.756300 0.243600 0.000017 0.000005 0.000042  0.000100 -0.268000 17.041829 15.842669 15.216589 14.950629 14.813249
0.000100 -2.191740 10.113940 0.779616 2.411381 0.772000 2.057000 3.703200 2.034000 3 0.000000 0.533000 0.000000 0.000000 0.000000 0.000000 0.000000  -0.000000 0.000000 0.756300 0.243600 0.000017 0.000005 0.000042  0.000100 -0.373000 16.958829 15.746669 15.113589 14.844629 14.706249
0.000100 -2.191740 10.113940 0.779667 2.411400 0.772000 2.101000 3.701700 1.984000 3 0.000000 0.533000 0.000000 0.000000 0.000000 0.000000 0.000000  -0.000000 0.000000 0.756300 0.243600 0.000017 0.000005 0.000042  0.000100 -0.481000 16.872829 15.646669 15.007589 14.734629 14.594249
0.000100 -2.191740 10.113940 0.779712 2.411416 0.771000 2.141000 3.700000 1.936000 3 0.000000 0.533000 0.000000 0.000000 0.000000 0.000000 0.000000  -0.000000 0.000000 0.756300 0.243600 0.000017 0.000005 0.000042  0.000100 -0.583000 16.796829 15.554669 14.906589 14.631629 14.488249
0.000100 -2.191740 10.113940 0.779754 2.411432 0.771000 2.182000 3.698400 1.888000 3 0.000000 0.533000 0.000000 0.000000 0.000000 0.000000 0.000000  -0.000000 0.000000 0.756200 0.243700 0.000017 0.000005 0.000042  0.000100 -0.686000 16.722829 15.461669 14.806589 14.527629 14.382249
0.000100 -2.191740 10.113940 0.779798 2.411448 0.770000 2.223000 3.696900 1.841000 3 0.000000 0.533000 0.000000 0.000000 0.000000 0.000000 0.000000  -0.000000 0.000000 0.756200 0.243700 0.000017 0.000005 0.000042  0.000100 -0.786000 16.647829 15.370669 14.707589 14.426629 14.278249
0.000100 -2.191740 10.113940 0.779846 2.411466 0.769000 2.253000 3.695700 1.806000 3 0.000000 0.533000 0.000000 0.000000 0.000000 0.000000 0.000000  -0.000000 0.000000 0.756200 0.243700 0.000017 0.000005 0.000042  0.000100 -0.862000 16.591829 15.301669 14.633589 14.349629 14.200249
0.000100 -2.191740 10.113940 0.779866 2.411473 0.769000 2.249000 3.696000 1.811000 3 0.000000 0.533000 0.000000 0.000000 0.000000 0.000000 0.000000  -0.000000 0.000000 0.756200 0.243700 0.000017 0.000005 0.000042  0.000100 -0.852000 16.596829 15.309669 14.643589 14.360629 14.211249
0.000100 -2.191740 10.113940 0.779871 2.411475 0.769000 2.255000 3.695800 1.804000 3 0.000000 0.533000 0.000000 0.000000 0.000000 0.000000 0.000000  -0.000000 0.000000 0.756200 0.243700 0.000017 0.000005 0.000042  0.000100 -0.868000 16.584829 15.294669 14.627589 14.343629 14.194249
0.000100 -2.191740 10.113940 0.779901 2.411487 0.768000 2.295000 3.694100 1.756000 3 0.000000 0.533000 0.000000 0.000000 0.000000 0.000000 0.000000  -0.000000 0.000000 0.756200 0.243700 0.000017 0.000005 0.000042  0.000100 -0.969000 16.513829 15.205669 14.529589 14.242629 14.090249
0.000100 -2.191740 10.113940 0.779932 2.411498 0.768000 2.338000 3.692400 1.707000 3 0.000000 0.533000 0.000000 0.000000 0.000000 0.000000 0.000000  -0.000000 0.000000 0.756200 0.243700 0.000017 0.000005 0.000042  0.000100 -1.076000 16.434829 15.108669 14.424589 14.134629 13.980249
0.000100 -2.191740 10.113940 0.779958 2.411508 0.767000 2.377000 3.690700 1.661000 3 0.000000 0.533000 0.000000 0.000000 0.000000 0.000000 0.000000  -0.000000 0.000000 0.756200 0.243700 0.000017 0.000005 0.000042  0.000100 -1.172000 16.366829 15.023669 14.330589 14.036629 13.880249
0.000100 -2.191740 10.113940 0.779983 2.411517 0.766000 2.418000 3.688900 1.612000 3 0.000000 0.533000 0.000000 0.000000 0.000000 0.000000 0.000000  -0.000000 0.000000 0.756200 0.243700 0.000017 0.000005 0.000042  0.000100 -1.274000 16.297829 14.934669 14.232589 13.934629 13.775249
0.000100 -2.191740 10.113940 0.780007 2.411526 0.765000 2.458000 3.687300 1.565000 3 0.000000 0.533000 0.000000 0.000000 0.000000 0.000000 0.000000  -0.000000 0.000000 0.756200 0.243700 0.000017 0.000005 0.000042  0.000100 -1.376000 16.226829 14.844669 14.133589 13.831629 13.670249
0.000100 -2.191740 10.113940 0.780028 2.411534 0.765000 2.496000 3.685600 1.519000 3 0.000000 0.533000 0.000000 0.000000 0.000000 0.000000 0.000000  -0.000000 0.000000 0.756200 0.243700 0.000017 0.000005 0.000042  0.000100 -1.471000 16.166829 14.761669 14.041589 13.736629 13.572249
0.000100 -2.191740 10.113940 0.780048 2.411541 0.764000 2.537000 3.683700 1.471000 3 0.000000 0.533000 7.020000 5.560000 3.940000 3.050000 2.470000 3.000000 -0.000000 0.000000 0.756200 0.243700 0.000017 0.000005 0.000042  0.000100 -1.572000 16.124829 14.677669 13.941589 13.632629 13.466249
0.000100 -2.191740 10.113940 0.780067 2.411548 0.763000 2.575000 3.682100 1.425000 3 0.000000 0.533000 7.730000 6.040000 4.260000 3.310000 2.670000 3.000000 -0.000000 0.000000 0.756200 0.243700 0.000017 0.000005 0.000042  0.000100 -1.668000 16.084829 14.598669 13.847589 13.534629 13.365249
0.000100 -2.191740 10.113940 0.780084 2.411554 0.762000 2.613000 3.680400 1.380000 3 0.000000 0.533000 8.510000 6.550000 4.610000 3.580000 2.900000 3.000000 -0.000000 0.000000 0.756200 0.243700 0.000017 0.000005 0.000042  0.000100 -1.764000 16.053829 14.521669 13.754589 13.436629 13.264249
0.000100 -2.191740 10.113940 0.780100 2.411560 0.760000 2.652000 3.678600 1.333000 3 0.000000 0.533000 9.390000 7.130000 5.000000 3.880000 3.140000 3.000000 -0.000000 0.000000 0.756200 0.243700 0.000017 0.000005 0.000042  0.000100 -1.860000 16.029829 14.446669 13.660589 13.337629 13.163249
0.000100 -2.191740 10.113940 0.780117 2.411567 0.759000 2.697000 3.676600 1.280000 3 0.000000 0.533000 10.510000 7.850000 5.480000 4.260000 3.450000 3.000000 -0.000000 0.000000 0.756200 0.243700 0.000017 0.000005 0.000042  0.000100 -1.972000 16.002829 14.359669 13.551589 13.222629 13.045249
0.000100 -2.191740 10.113940 0.780132 2.411572 0.757000 2.736000 3.674700 1.232000 3 0.000000 0.533000 11.620000 8.540000 5.940000 4.630000 3.750000 3.000000 -0.000000 0.000000 0.756200 0.243700 0.000017 0.000005 0.000042  0.000100 -2.069000 15.995829 14.289669 13.458589 13.123629 12.943249
0.000100 -2.191740 10.113940 0.780146 2.411577 0.756000 2.778000 3.672700 1.181000 3 0.000000 0.533000 12.950000 9.370000 6.490000 5.060000 4.100000 2.000000 -0.000000 0.000000 0.756200 0.243700 0.000017 0.000005 0.000042  0.000100 -2.176000 15.985829 14.211669 13.355589 13.014629 12.830249
0.000100 -2.191740 10.113940 0.780158 2.411582 0.754000 2.816000 3.671000 1.135000 3 0.000000 0.533000 14.270000 10.180000 7.020000 5.490000 4.440000 2.000000 -0.000000 0.000000 0.756200 0.243700 0.000017 0.000005 0.000042  0.000100 -2.271000 15.983829 14.145669 13.264589 12.917629 12.729249
0.000100 -2.191740 10.113940 0.780170 2.411586 0.752000 2.857000 3.668800 1.084000 3 0.000000 0.533000 15.890000 11.150000 7.660000 5.990000 4.850000 2.000000 -0.000000 0.000000 0.756200 0.243700 0.000017 0.000005 0.000042  0.000100 -2.373000 16.000829 14.079669 13.168589 12.812629 12.621249
0.000100 -2.191740 10.113940 0.780180 2.411590 0.750000 2.894000 3.667200 1.040000 3 0.000000 0.533000 17.430000 12.060000 8.250000 6.470000 5.240000 2.000000 -0.000000 0.000000 0.756200 0.243700 0.000017 0.000005 0.000042  0.000100 -2.464000 16.006829 14.018669 13.082589 12.720629 12.525249
0.000100 -2.191740 10.113940 0.780191 2.411594 0.748000 2.934000 3.665000 0.990000 3 0.000000 0.533000 19.390000 13.200000 9.000000 7.060000 5.720000 2.000000 -0.000000 0.000000 0.756200 0.243700 0.000017 0.000005 0.000042  0.000100 -2.566000 16.042829 13.960669 12.988589 12.616629 12.417249
0.000100 -2.191740 10.113940 0.780202 2.411598 0.745000 2.978000 3.662800 0.935000 3 0.000000 0.533000 21.750000 14.560000 9.880000 7.760000 6.290000 2.000000 -0.000000 0.000000 0.756200 0.243700 0.000017 0.000005 0.000042  0.000100 -2.676000 16.086829 13.900669 12.886589 12.504629 12.300249
0.000100 -2.191740 10.113940 0.780210 2.411601 0.743000 3.017000 3.660800 0.888000 3 0.000000 0.533000 24.050000 15.850000 10.720000 8.430000 6.840000 1.000000 -0.000000 0.000000 0.756200 0.243700 0.000017 0.000005 0.000042  0.000100 -2.772000 16.138829 13.854669 12.800589 12.406629 12.197249
0.000100 -2.191740 10.113940 0.780218 2.411604 0.740000 3.051000 3.659000 0.844000 3 0.000000 0.533000 26.370000 17.140000 11.540000 9.100000 7.370000 1.000000 -0.000000 0.000000 0.756200 0.243700 0.000017 0.000005 0.000042  0.000100 -2.858000 16.196829 13.817669 12.723589 12.319629 12.105249
0.000100 -2.191740 10.113940 0.780226 2.411607 0.737000 3.089000 3.657100 0.797000 3 0.000000 0.533000 29.130000 18.640000 12.510000 9.870000 8.010000 1.000000 -0.000000 0.000000 0.756200 0.243700 0.000017 0.000005 0.000042  0.000100 -2.953000 16.230829 13.769669 12.639589 12.225629 12.006249
0.000100 -2.191740 10.113940 0.780234 2.411610 0.734000 3.130000 3.654800 0.745000 3 0.000000 0.533000 32.500000 20.460000 13.670000 10.800000 8.760000 1.000000 -0.000000 0.000000 0.756200 0.243700 0.000017 0.000005 0.000042  0.000100 -3.055000 16.242829 13.713669 12.550589 12.125629 11.901249
0.000100 -2.191740 10.113940 0.780240 2.411612 0.730000 3.167000 3.652900 0.698000 3 0.000000 0.533000 35.840000 22.220000 14.790000 11.700000 9.490000 1.000000 -0.000000 0.000000 0.756200 0.243700 0.000017 0.000005 0.000042  0.000100 -3.147000 16.251829 13.663669 12.471589 12.036629 11.806249
0.000100 -2.191740 10.113940 0.780247 2.411615 0.726000 3.205000 3.650800 0.650000 3 0.000000 0.533000 39.730000 24.240000 16.070000 12.740000 10.330000 1.000000 -0.000000 0.000000 0.756200 0.243700 0.000017 0.000005 0.000042  0.000100 -3.242000 16.266829 13.613669 12.388589 11.943629 11.708249
0.000100 -2.191740 10.113940 0.780253 2.411617 0.722000 3.240000 3.648900 0.604000 3 0.000000 0.533000 43.700000 26.270000 17.350000 13.770000 11.170000 1.000000 -0.000000 0.000000 0.756200 0.243700 0.000017 0.000005 0.000042  0.000100 -3.330000 16.280829 13.567669 12.313589 11.858629 11.618249
0.000100 -2.191740 10.113940 0.780255 2.411618 0.721000 3.249000 3.648400 0.593000 3 0.000000 0.533000 44.780000 26.820000 17.690000 14.050000 11.400000 1.000000 -0.000000 0.000000 0.756200 0.243700 0.000017 0.000005 0.000042  0.000100 -3.353000 16.282829 13.555669 12.293589 11.836629 11.595249
0.000100 -2.191740 10.113940 0.780255 2.411618 0.721000 1.636000 3.976200 3.516000 4 0.000000 0.533000 0.000000 0.000000 0.000000 0.000000 0.000000  -0.000000 0.000000 0.756200 0.243700 0.000017 0.000005 0.000042  0.000100 0.679000 17.305829 16.243669 16.434589 16.606629 16.726249
0.000100 -2.191740 10.113940 0.780256 2.411618 0.721000 1.643000 3.972200 3.494000 4 0.000000 0.533000 0.000000 0.000000 0.000000 0.000000 0.000000  -0.000000 0.000000 0.756200 0.243700 0.000017 0.000005 0.000042  0.000100 0.663000 17.289829 16.211669 16.399589 16.568629 16.686249
0.000100 -2.191740 10.113940 0.780298 2.411634 0.721000 1.663000 3.962000 3.433000 4 0.000000 0.533000 0.000000 0.000000 0.000000 0.000000 0.000000  -0.000000 0.000000 0.756200 0.243700 0.000017 0.000005 0.000042  0.000100 0.614000 17.243829 16.129669 16.305589 16.467629 16.579249
0.000100 -2.191740 10.113940 0.780341 2.411649 0.721000 1.664000 3.961400 3.430000 4 0.000000 0.533000 0.000000 0.000000 0.000000 0.000000 0.000000  -0.000000 0.000000 0.756200 0.243700 0.000017 0.000005 0.000042  0.000100 0.610000 17.240829 16.124669 16.299589 16.461629 16.572249
0.000100 -2.191740 10.113940 0.780385 2.411666 0.721000 1.664000 3.961200 3.429000 4 0.000000 0.533000 0.000000 0.000000 0.000000 0.000000 0.000000  -0.000000 0.000000 0.756200 0.243700 0.000017 0.000005 0.000042  0.000100 0.610000 17.240829 16.123669 16.299589 16.460629 16.571249
0.000100 -2.191740 10.113940 0.780429 2.411682 0.721000 1.664000 3.960900 3.428000 4 0.000000 0.533000 0.000000 0.000000 0.000000 0.000000 0.000000  -0.000000 0.000000 0.756200 0.243700 0.000017 0.000005 0.000042  0.000100 0.610000 17.240829 16.122669 16.297589 16.458629 16.569249
0.000100 -2.191740 10.113940 0.780474 2.411699 0.721000 1.664000 3.960100 3.424000 4 0.000000 0.533000 0.000000 0.000000 0.000000 0.000000 0.000000  -0.000000 0.000000 0.756200 0.243700 0.000017 0.000005 0.000042  0.000100 0.610000 17.239829 16.119669 16.293589 16.454629 16.564249
0.000100 -2.191740 10.113940 0.780518 2.411715 0.721000 1.665000 3.959100 3.420000 4 0.000000 0.533000 0.000000 0.000000 0.000000 0.000000 0.000000  -0.000000 0.000000 0.756200 0.243700 0.000017 0.000005 0.000042  0.000100 0.608000 17.239829 16.115669 16.287589 16.447629 16.557249
0.000100 -2.191740 10.113940 0.780564 2.411732 0.721000 1.665000 3.957600 3.413000 4 0.000000 0.533000 0.000000 0.000000 0.000000 0.000000 0.000000  -0.000000 0.000000 0.756200 0.243700 0.000017 0.000005 0.000042  0.000100 0.606000 17.237829 16.109669 16.279589 16.438629 16.547249
0.000100 -2.191740 10.113940 0.780609 2.411749 0.721000 1.666000 3.955900 3.405000 4 0.000000 0.533000 0.000000 0.000000 0.000000 0.000000 0.000000  -0.000000 0.000000 0.756200 0.243700 0.000017 0.000005 0.000042  0.000100 0.604000 17.236829 16.102669 16.270589 16.427629 16.535249
0.000100 -2.191740 10.113940 0.780653 2.411765 0.721000 1.668000 3.953800 3.395000 4 0.000000 0.533000 0.000000 0.000000 0.000000 0.000000 0.000000  -0.000000 0.000000 0.756200 0.243700 0.000017 0.000005 0.000042  0.000100 0.600000 17.233829 16.092669 16.258589 16.413629 16.520249
0.000100 -2.191740 10.113940 0.780696 2.411781 0.721000 1.670000 3.951300 3.384000 4 0.000000 0.533000 0.000000 0.000000 0.000000 0.000000 0.000000  -0.000000 0.000000 0.756200 0.243700 0.000017 0.000005 0.000042  0.000100 0.596000 17.230829 16.081669 16.244589 16.397629 16.502249
0.000100 -2.191740 10.113940 0.780739 2.411797 0.721000 1.672000 3.948400 3.370000 4 0.000000 0.533000 0.000000 0.000000 0.000000 0.000000 0.000000  -0.000000 0.000000 0.756200 0.243700 0.000017 0.000005 0.000042  0.000100 0.591000 17.227829 16.069669 16.228589 16.378629 16.481249
0.000100 -2.191740 10.113940 0.780782 2.411813 0.721000 1.674000 3.945200 3.355000 4 0.000000 0.533000 0.000000 0.000000 0.000000 0.000000 0.000000  -0.000000 0.000000 0.756200 0.243700 0.000017 0.000005 0.000042  0.000100 0.585000 17.223829 16.056669 16.210589 16.357629 16.458249
0.000100 -2.191740 10.113940 0.780823 2.411828 0.722000 1.677000 3.941500 3.338000 4 0.000000 0.533000 0.000000 0.000000 0.000000 0.000000 0.000000  -0.000000 0.000000 0.756200 0.243700 0.000017 0.000005 0.000042  0.000100 0.579000 17.219829 16.041669 16.189589 16.333629 16.432249
0.000100 -2.191740 10.113940 0.780867 2.411844 0.722000 1.680000 3.937200 3.318000 4 0.000000 0.533000 0.000000 0.000000 0.000000 0.000000 0.000000  -0.000000 0.000000 0.756200 0.243700 0.000017 0.000005 0.000042  0.000100 0.571000 17.215829 16.026669 16.167589 16.307629 16.402249
0.000100 -2.191740 10.113940 0.780910 2.411860 0.722000 1.683000 3.932600 3.296000 4 0.000000 0.533000 0.000000 0.000000 0.000000 0.000000 0.000000  -0.000000 0.000000 0.756200 0.243700 0.000017 0.000005 0.000042  0.000100 0.562000 17.210829 16.009669 16.143589 16.277629 16.370249
0.000100 -2.191740 10.113940 0.780957 2.411877 0.722000 1.687000 3.927200 3.270000 4 0.000000 0.533000 0.000000 0.000000 0.000000 0.000000 0.000000  -0.000000 0.000000 0.756200 0.243700 0.000017 0.000005 0.000042  0.000100 0.552000 17.204829 15.992669 16.115589 16.244629 16.332249
0.000100 -2.191740 10.113940 0.781000 2.411893 0.722000 1.691000 3.921400 3.242000 4 0.000000 0.533000 0.000000 0.000000 0.000000 0.000000 0.000000  -0.000000 0.000000 0.756200 0.243700 0.000017 0.000005 0.000042  0.000100 0.542000 17.198829 15.976669 16.088589 16.209629 16.294249
0.000100 -2.191740 10.113940 0.781045 2.411910 0.722000 1.696000 3.915100 3.213000 4 0.000000 0.533000 0.000000 0.000000 0.000000 0.000000 0.000000  -0.000000 0.000000 0.756200 0.243700 0.000017 0.000005 0.000042  0.000100 0.530000 17.191829 15.962669 16.060589 16.172629 16.253249
0.000100 -2.191740 10.113940 0.781088 2.411926 0.722000 1.701000 3.908400 3.181000 4 0.000000 0.533000 0.000000 0.000000 0.000000 0.000000 0.000000  -0.000000 0.000000 0.756200 0.243700 0.000017 0.000005 0.000042  0.000100 0.518000 17.184829 15.949669 16.030589 16.133629 16.210249
0.000100 -2.191740 10.113940 0.781131 2.411942 0.722000 1.706000 3.901400 3.148000 4 0.000000 0.533000 0.000000 0.000000 0.000000 0.000000 0.000000  -0.000000 0.000000 0.756200 0.243700 0.000017 0.000005 0.000042  0.000100 0.505000 17.176829 15.938669 16.001589 16.093629 16.165249
0.000100 -2.191740 10.113940 0.781139 2.411945 0.722000 1.707000 3.900000 3.141000 4 0.000000 0.533000 0.000000 0.000000 0.000000 0.000000 0.000000  -0.000000 0.000000 0.756200 0.243700 0.000017 0.000005 0.000042  0.000100 0.502000 17.175829 15.935669 15.995589 16.086629 16.156249
0.000100 -2.191740 10.113940 0.781160 2.411953 0.722000 1.710000 3.896700 3.126000 4 0.000000 0.533000 0.000000 0.000000 0.000000 0.000000 0.000000  -0.000000 0.000000 0.756200 0.243700 0.000017 0.000005 0.000042  0.000100 0.496000 17.171829 15.933669 15.983589 16.068629 16.136249
0.000100 -2.191740 10.113940 0.781204 2.411969 0.722000 1.715000 3.889700 3.092000 4 0.000000 0.533000 0.000000 0.000000 0.000000 0.000000 0.000000  -0.000000 0.000000 0.756200 0.243700 0.000017 0.000005 0.000042  0.000100 0.483000 17.163829 15.927669 15.955589 16.029629 16.092249
0.000100 -2.191740 10.113940 0.781245 2.411984 0.722000 1.720000 3.882300 3.058000 4 0.000000 0.533000 0.000000 0.000000 0.000000 0.000000 0.000000  -0.000000 0.000000 0.756200 0.243700 0.000017 0.000005 0.000042  0.000100 0.469000 17.154829 15.927669 15.930589 15.991629 16.050249
0.000100 -2.191740 10.113940 0.781287 2.411999 0.722000 1.726000 3.874500 3.020000 4 0.000000 0.533000 0.000000 0.000000 0.000000 0.000000 0.000000  -0.000000 0.000000 0.756200 0.243700 0.000017 0.000005 0.000042  0.000100 0.455000 17.144829 15.928669 15.905589 15.952629 16.005249
0.000100 -2.191740 10.113940 0.781328 2.412015 0.722000 1.732000 3.866300 2.982000 4 0.000000 0.533000 0.000000 0.000000 0.000000 0.000000 0.000000  -0.000000 0.000000 0.756200 0.243700 0.000017 0.000005 0.000042  0.000100 0.439000 17.134829 15.932669 15.881589 15.913629 15.959249
0.000100 -2.191740 10.113940 0.781369 2.412030 0.722000 1.738000 3.858200 2.943000 4 0.000000 0.533000 0.000000 0.000000 0.000000 0.000000 0.000000  -0.000000 0.000000 0.756200 0.243700 0.000017 0.000005 0.000042  0.000100 0.424000 17.124829 15.936669 15.859589 15.876629 15.915249
0.000100 -2.191740 10.113940 0.781411 2.412045 0.722000 1.745000 3.849800 2.903000 4 0.000000 0.533000 0.000000 0.000000 0.000000 0.000000 0.000000  -0.000000 0.000000 0.756200 0.243700 0.000017 0.000005 0.000042  0.000100 0.408000 17.113829 15.943669 15.838589 15.839629 15.871249
0.000100 -2.191740 10.113940 0.781453 2.412061 0.722000 1.751000 3.841400 2.863000 4 0.000000 0.533000 0.000000 0.000000 0.000000 0.000000 0.000000  -0.000000 0.000000 0.756200 0.243700 0.000017 0.000005 0.000042  0.000100 0.391000 17.103829 15.950669 15.818589 15.803629 15.827249
0.000100 -2.191740 10.113940 0.781494 2.412076 0.722000 1.758000 3.833400 2.824000 4 0.000000 0.533000 0.000000 0.000000 0.000000 0.000000 0.000000  -0.000000 0.000000 0.756200 0.243700 0.000017 0.000005 0.000042  0.000100 0.375000 17.094829 15.957669 15.799589 15.768629 15.785249
0.000100 -2.191740 10.113940 0.781536 2.412091 0.722000 1.765000 3.825000 2.783000 4 0.000000 0.533000 0.000000 0.000000 0.000000 0.000000 0.000000  -0.000000 0.000000 0.756200 0.243700 0.000017 0.000005 0.000042  0.000100 0.357000 17.085829 15.964669 15.779589 15.733629 15.741249
0.000100 -2.191740 10.113940 0.781580 2.412107 0.722000 1.774000 3.814900 2.734000 4 0.000000 0.533000 0.000000 0.000000 0.000000 0.000000 0.000000  -0.000000 0.000000 0.756200 0.243700 0.000017 0.000005 0.000042  0.000100 0.334000 17.077829 15.973669 15.755589 15.690629 15.688249
0.000100 -2.191740 10.113940 0.781621 2.412123 0.722000 1.784000 3.805300 2.686000 4 0.000000 0.533000 0.000000 0.000000 0.000000 0.000000 0.000000  -0.000000 0.000000 0.756200 0.243700 0.000017 0.000005 0.000042  0.000100 0.310000 17.067829 15.983669 15.731589 15.648629 15.636249
0.000100 -2.191740 10.113940 0.781655 2.412135 0.722000 1.795000 3.795000 2.633000 4 0.000000 0.533000 0.000000 0.000000 0.000000 0.000000 0.000000  -0.000000 0.000000 0.756200 0.243700 0.000017 0.000005 0.000042  0.000100 0.281000 17.057829 15.993669 15.705589 15.603629 15.579249
0.000100 -2.191740 10.113940 0.781677 2.412144 0.722000 1.810000 3.785000 2.579000 4 0.000000 0.533000 0.000000 0.000000 0.000000 0.000000 0.000000  -0.000000 0.000000 0.756200 0.243700 0.000017 0.000005 0.000042  0.000100 0.244000 17.043829 15.994669 15.670589 15.550629 15.515249
0.000100 -2.191740 10.113940 0.781693 2.412149 0.722000 1.823000 3.777200 2.535000 4 0.000000 0.533000 0.000000 0.000000 0.000000 0.000000 0.000000  -0.000000 0.000000 0.756200 0.243700 0.000017 0.000005 0.000042  0.000100 0.213000 17.035829 15.994669 15.642589 15.508629 15.464249
0.000100 -2.191740 10.113940 0.781702 2.412153 0.722000 1.838000 3.770000 2.491000 4 0.000000 0.533000 0.000000 0.000000 0.000000 0.000000 0.000000  -0.000000 0.000000 0.756200 0.243700 0.000017 0.000005 0.000042  0.000100 0.176000 17.025829 15.984669 15.608589 15.461629 15.409249
0.000100 -2.191740 10.113940 0.781709 2.412155 0.722000 1.849000 3.764300 2.457000 4 0.000000 0.533000 0.000000 0.000000 0.000000 0.000000 0.000000  -0.000000 0.000000 0.756200 0.243700 0.000017 0.000005 0.000042  0.000100 0.147000 17.017829 15.979669 15.582589 15.424629 15.365249
0.000100 -2.191740 10.113940 0.781714 2.412157 0.723000 1.863000 3.758600 2.420000 4 0.000000 0.533000 0.000000 0.000000 0.000000 0.000000 0.000000  -0.000000 0.000000 0.756200 0.243700 0.000017 0.000005 0.000042  0.000100 0.111000 17.004829 15.966669 15.549589 15.381629 15.315249
0.000100 -2.191740 10.113940 0.781718 2.412159 0.723000 1.879000 3.753000 2.382000 4 0.000000 0.533000 0.000000 0.000000 0.000000 0.000000 0.000000  -0.000000 0.000000 0.756200 0.243700 0.000017 0.000005 0.000042  0.000100 0.073000 16.992829 15.951669 15.514589 15.337629 15.263249
0.000100 -2.191740 10.113940 0.781722 2.412160 0.723000 1.901000 3.746500 2.334000 4 0.000000 0.533000 0.000000 0.000000 0.000000 0.000000 0.000000  -0.000000 0.000000 0.756200 0.243700 0.000017 0.000005 0.000042  0.000100 0.018000 16.970829 15.923669 15.464589 15.274629 15.193249
0.000100 -2.191740 10.113940 0.781724 2.412161 0.723000 1.923000 3.740800 2.289000 4 0.000000 0.533000 0.000000 0.000000 0.000000 0.000000 0.000000  -0.000000 0.000000 0.756200 0.243700 0.000017 0.000005 0.000042  0.000100 -0.037000 16.946829 15.892669 15.413589 15.214629 15.125249
0.000100 -2.191740 10.113940 0.781725 2.412161 0.723000 1.948000 3.735500 2.243000 4 0.000000 0.533000 0.000000 0.000000 0.000000 0.000000 0.000000  -0.000000 0.000000 0.756200 0.243700 0.000017 0.000005 0.000042  0.000100 -0.100000 16.923829 15.853669 15.353589 15.145629 15.049249
0.000100 -2.191740 10.113940 0.781726 2.412161 0.723000 1.971000 3.731700 2.205000 7 0.000000 0.533000 0.000000 0.000000 0.000000 0.000000 0.000000  -0.000000 0.000000 0.756200 0.243700 0.000017 0.000005 0.000042  0.000100 -0.157000 16.896829 15.813669 15.299589 15.083629 14.983249
0.000100 -2.191740 10.113940 0.781727 2.412162 0.723000 2.001000 3.728000 2.160000 7 0.000000 0.533000 0.000000 0.000000 0.000000 0.000000 0.000000  -0.000000 0.000000 0.756200 0.243700 0.000017 0.000005 0.000042  0.000100 -0.232000 16.854829 15.755669 15.227589 15.004629 14.899249
0.000100 -2.191740 10.113940 0.781727 2.412162 0.723000 2.037000 3.724100 2.108000 7 0.000000 0.533000 0.000000 0.000000 0.000000 0.000000 0.000000  -0.000000 0.000000 0.756200 0.243700 0.000017 0.000005 0.000042  0.000100 -0.323000 16.798829 15.682669 15.139589 14.910629 14.800249
0.000100 -2.191740 10.113940 0.781728 2.412162 0.723000 2.075000 3.720600 2.056000 7 0.000000 0.533000 0.000000 0.000000 0.000000 0.000000 0.000000  -0.000000 0.000000 0.756200 0.243700 0.000017 0.000005 0.000042  0.000100 -0.418000 16.735829 15.603669 15.046589 14.811629 14.696249
0.000100 -2.191740 10.113940 0.781729 2.412163 0.723000 2.113000 3.717400 2.005000 7 0.000000 0.533000 0.000000 0.000000 0.000000 0.000000 0.000000  -0.000000 0.000000 0.756200 0.243700 0.000017 0.000005 0.000042  0.000100 -0.513000 16.674829 15.524669 14.955589 14.714629 14.595249
0.000100 -2.191740 10.113940 0.781730 2.412163 0.723000 2.146000 3.715000 1.963000 7 0.000000 0.533000 0.000000 0.000000 0.000000 0.000000 0.000000  -0.000000 0.000000 0.756200 0.243700 0.000017 0.000005 0.000042  0.000100 -0.595000 16.621829 15.454669 14.875589 14.629629 14.507249
0.000100 -2.191740 10.113940 0.781732 2.412164 0.723000 2.147000 3.715200 1.963000 7 0.000000 0.533000 0.000000 0.000000 0.000000 0.000000 0.000000  -0.000000 0.000000 0.756200 0.243700 0.000017 0.000005 0.000042  0.000100 -0.596000 16.618829 15.452669 14.873589 14.628629 14.506249
0.000100 -2.191740 10.113940 0.781735 2.412165 0.723000 2.136000 3.716000 1.977000 7 0.000000 0.533000 0.000000 0.000000 0.000000 0.000000 0.000000  -0.000000 0.000000 0.756200 0.243700 0.000017 0.000005 0.000042  0.000100 -0.569000 16.635829 15.475669 14.900589 14.656629 14.536249
0.000100 -2.191740 10.113940 0.781756 2.412172 0.723000 2.150000 3.714300 1.956000 7 0.000000 0.533000 0.000000 0.000000 0.000000 0.000000 0.000000  -0.000000 0.000000 0.756200 0.243700 0.000017 0.000005 0.000042  0.000100 -0.606000 16.618829 15.447669 14.864589 14.617629 14.494249
0.000100 -2.191740 10.113940 0.781769 2.412177 0.723000 2.186000 3.711600 1.909000 7 0.000000 0.533000 0.000000 0.000000 0.000000 0.000000 0.000000  -0.000000 0.000000 0.756200 0.243700 0.000017 0.000005 0.000042  0.000100 -0.694000 16.562829 15.373669 14.779589 14.526629 14.400249
0.000100 -2.191740 10.113940 0.781788 2.412184 0.723000 2.238000 3.708000 1.843000 7 0.000000 0.533000 0.000000 0.000000 0.000000 0.000000 0.000000  -0.000000 0.000000 0.756200 0.243700 0.000017 0.000005 0.000042  0.000100 -0.826000 16.478829 15.261669 14.651589 14.392629 14.260249
0.000100 -2.191740 10.113940 0.781804 2.412190 0.723000 2.281000 3.705300 1.789000 7 0.000000 0.533000 0.000000 0.000000 0.000000 0.000000 0.000000  -0.000000 0.000000 0.756200 0.243700 0.000017 0.000005 0.000042  0.000100 -0.932000 16.410829 15.171669 14.548589 14.283629 14.148249
0.000100 -2.191740 10.113940 0.781819 2.412196 0.723000 2.323000 3.702800 1.737000 7 0.000000 0.533000 0.000000 0.000000 0.000000 0.000000 0.000000  -0.000000 0.000000 0.756200 0.243700 0.000017 0.000005 0.000042  0.000100 -1.037000 16.341829 15.081669 14.446589 14.176629 14.037249
0.000100 -2.191740 10.113940 0.781831 2.412200 0.723000 2.364000 3.700300 1.686000 7 0.000000 0.533000 0.000000 0.000000 0.000000 0.000000 0.000000  -0.000000 0.000000 0.756200 0.243700 0.000017 0.000005 0.000042  0.000100 -1.141000 16.271829 14.991669 14.345589 14.070629 13.928249
0.000100 -2.191740 10.113940 0.781842 2.412204 0.723000 2.406000 3.698000 1.635000 7 0.000000 0.532000 0.000000 0.000000 0.000000 0.000000 0.000000  -0.000000 0.000000 0.756200 0.243700 0.000017 0.000005 0.000042  0.000100 -1.245000 16.204829 14.902669 14.244589 13.965629 13.819249
0.000100 -2.191740 10.113940 0.781852 2.412208 0.723000 2.448000 3.695600 1.584000 7 0.000000 0.527000 0.000000 0.000000 0.000000 0.000000 0.000000  -0.000000 0.000000 0.756200 0.243700 0.000017 0.000005 0.000042  0.000100 -1.349000 16.138829 14.813669 14.144589 13.860629 13.711249
0.000100 -2.191740 10.113940 0.781861 2.412211 0.723000 2.489000 3.693400 1.534000 7 0.000000 0.516000 0.000000 0.000000 0.000000 0.000000 0.000000  -0.000000 0.000000 0.756200 0.243700 0.000016 0.000005 0.000042  0.000100 -1.451000 16.072829 14.726669 14.045589 13.756629 13.604249
0.000100 -2.191740 10.113940 0.781869 2.412214 0.723000 2.530000 3.691100 1.484000 7 0.000000 0.500000 6.710000 5.360000 3.800000 2.950000 2.380000 3.000000 -0.000000 0.000000 0.756100 0.243800 0.000016 0.000006 0.000042  0.000100 -1.554000 16.005829 14.638669 13.945589 13.652629 13.497249
0.000100 -2.191740 10.113940 0.781876 2.412217 0.723000 2.571000 3.688900 1.434000 7 0.000000 0.482000 7.450000 5.860000 4.140000 3.220000 2.600000 3.000000 -0.000000 0.000000 0.756000 0.243900 0.000015 0.000006 0.000042  0.000100 -1.656000 15.944829 14.552669 13.848589 13.549629 13.390249
0.000100 -2.191740 10.113940 0.781883 2.412219 0.723000 2.612000 3.686600 1.384000 7 0.000000 0.467000 8.290000 6.420000 4.520000 3.510000 2.840000 3.000000 -0.000000 0.000000 0.755700 0.244200 0.000015 0.000007 0.000042  0.000100 -1.759000 15.884829 14.467669 13.749589 13.446629 13.283249
0.000100 -2.191740 10.113940 0.781889 2.412222 0.723000 2.653000 3.684400 1.334000 7 0.000000 0.454000 9.220000 7.020000 4.920000 3.830000 3.100000 3.000000 -0.000000 0.000000 0.755500 0.244400 0.000014 0.000008 0.000042  0.000100 -1.861000 15.844829 14.384669 13.650589 13.341629 13.176249
0.000100 -2.191740 10.113940 0.781895 2.412224 0.723000 2.693000 3.682200 1.284000 7 0.000000 0.442000 10.260000 7.680000 5.360000 4.180000 3.380000 3.000000 -0.000000 0.000000 0.755200 0.244700 0.000014 0.000008 0.000042  0.000100 -1.964000 15.820829 14.305669 13.550589 13.236629 13.067249
0.000100 -2.191740 10.113940 0.781901 2.412226 0.723000 2.734000 3.680000 1.234000 7 0.000000 0.433000 11.400000 8.410000 5.840000 4.560000 3.690000 2.000000 -0.000000 0.000000 0.755000 0.244900 0.000014 0.000008 0.000042  0.000100 -2.066000 15.803829 14.228669 13.451589 13.130629 12.958249
0.000100 -2.191740 10.113940 0.781906 2.412228 0.723000 2.776000 3.677700 1.184000 7 0.000000 0.424000 12.700000 9.210000 6.380000 4.980000 4.030000 2.000000 -0.000000 0.000000 0.754700 0.245200 0.000013 0.000009 0.000042  0.000100 -2.170000 15.797829 14.154669 13.351589 13.024629 12.848249
0.000100 -2.191740 10.113940 0.781911 2.412230 0.723000 2.818000 3.675400 1.133000 7 0.000000 0.417000 14.170000 10.110000 6.970000 5.450000 4.420000 2.000000 -0.000000 0.000000 0.754400 0.245500 0.000013 0.000009 0.000042  0.000100 -2.275000 15.799829 14.082669 13.251589 12.916629 12.736249
0.000100 -2.191740 10.113940 0.781915 2.412231 0.723000 2.859000 3.673100 1.082000 7 0.000000 0.411000 15.780000 11.070000 7.600000 5.960000 4.820000 2.000000 -0.000000 0.000000 0.754200 0.245700 0.000013 0.000009 0.000042  0.000100 -2.377000 15.810829 14.013669 13.153589 12.810629 12.626249
0.000100 -2.191740 10.113940 0.781919 2.412232 0.723000 2.900000 3.670800 1.032000 7 0.000000 0.407000 17.550000 12.120000 8.290000 6.500000 5.270000 2.000000 -0.000000 0.000000 0.753900 0.246000 0.000013 0.000009 0.000042  0.000100 -2.479000 15.829829 13.949669 13.056589 12.706629 12.517249
0.000100 -2.191740 10.113940 0.781922 2.412233 0.723000 2.937000 3.668600 0.986000 7 0.000000 0.404000 19.370000 13.180000 8.980000 7.050000 5.710000 2.000000 -0.000000 0.000000 0.753700 0.246200 0.000013 0.000010 0.000042  0.000087 -2.573000 15.860829 13.894669 12.968589 12.609629 12.417249
0.000100 -2.191740 10.113940 0.781924 2.412235 0.723000 2.977000 3.666300 0.937000 7 0.000000 0.402000 21.480000 14.390000 9.760000 7.680000 6.220000 1.000000 -0.000000 0.000000 0.753400 0.246500 0.000013 0.000010 0.000042  0.000097 -2.672000 15.907829 13.842669 12.878589 12.509629 12.311249
0.000100 -2.191740 10.113940 0.781927 2.412236 0.723000 3.014000 3.664100 0.892000 7 0.000000 0.400000 23.670000 15.620000 10.560000 8.320000 6.740000 1.000000 -0.000000 0.000000 0.753200 0.246700 0.000013 0.000010 0.000042  0.000100 -2.764000 15.960829 13.798669 12.794589 12.415629 12.212249
0.000100 -2.191740 10.113940 0.781930 2.412237 0.723000 3.055000 3.661700 0.841000 7 0.000000 0.399000 26.390000 17.130000 11.530000 9.090000 7.370000 1.000000 -0.000000 0.000000 0.752900 0.247000 0.000012 0.000010 0.000041  0.000100 -2.867000 16.032829 13.754669 12.702589 12.310629 12.102249
0.000100 -2.191740 10.113940 0.781930 2.412237 0.723000 3.068000 3.660900 0.825000 7 0.000000 0.399000 27.300000 17.630000 11.850000 9.350000 7.580000 1.000000 -0.000000 0.000000 0.752900 0.247000 0.000012 0.000010 0.000041  0.000100 -2.899000 16.060829 13.743669 12.674589 12.277629 12.067249
0.000100 -2.191740 10.113940 0.781930 2.412237 0.723000 3.088000 3.659600 0.799000 7 0.000000 0.399000 28.830000 18.460000 12.390000 9.780000 7.930000 1.000000 -0.000000 0.000000 0.752900 0.247000 0.000012 0.000010 0.000041  0.000100 -2.950000 16.108829 13.726669 12.630589 12.226629 12.012249
0.000100 -2.191740 10.113940 0.781930 2.412237 0.723000 3.117000 3.657800 0.763000 7 0.000000 0.398000 31.140000 19.710000 13.190000 10.420000 8.450000 1.000000 -0.000000 0.000000 0.752500 0.247400 0.000012 0.000011 0.000041  0.000100 -3.022000 16.169829 13.700669 12.568589 12.153629 11.935249
0.000100 -2.191740 10.113940 0.781930 2.412237 0.723000 3.150000 3.655700 0.722000 7 0.000000 0.397000 33.990000 21.230000 14.160000 11.200000 9.080000 1.000000 -0.000000 0.000000 0.752100 0.247800 0.000012 0.000011 0.000041  0.000100 -3.104000 16.187829 13.659669 12.498589 12.074629 11.851249
0.000100 -2.191740 10.113940 0.781931 2.412237 0.723000 3.187000 3.653300 0.675000 7 0.000000 0.397000 37.560000 23.110000 15.350000 12.160000 9.860000 1.000000 -0.000000 0.000000 0.751700 0.248200 0.000012 0.000012 0.000041  0.000100 -3.197000 16.211829 13.615669 12.419589 11.984629 11.755249
0.000100 -2.191740 10.113940 0.781931 2.412237 0.723000 3.220000 3.651100 0.633000 7 0.000000 0.397000 41.070000 24.930000 16.500000 13.090000 10.620000 1.000000 -0.000000 0.000000 0.751400 0.248500 0.000012 0.000012 0.000040  0.000097 -3.280000 16.234829 13.576669 12.349589 11.904629 11.669249
0.000100 -2.191740 10.113940 0.781931 2.412237 0.723000 3.237000 3.647900 0.603000 8 0.519000 0.410000 43.800000 26.330000 17.380000 13.800000 11.200000 1.000000 -0.000000 0.000000 0.751200 0.248600 0.000013 0.000012 0.000041  0.000151 -3.323000 16.318829 13.589669 12.326589 11.867629 11.625249
0.000100 -2.191740 10.113940 0.781931 2.412237 0.721000 3.015000 3.661800 0.880000 8 0.519000 0.410000 24.250000 15.940000 10.770000 8.480000 6.880000 1.000000 -0.000000 0.000000 0.751200 0.248600 0.000013 0.000012 0.000041  0.000151 -2.767000 16.095829 13.842669 12.801589 12.411629 12.204249
0.000100 -2.191740 10.113940 0.781932 2.412237 0.718000 2.855000 3.671400 1.076000 8 0.520000 0.410000 15.950000 11.170000 7.670000 6.010000 4.870000 2.000000 -0.000000 0.000000 0.751200 0.248600 0.000013 0.000012 0.000041  0.000151 -2.368000 15.894829 14.047669 13.166589 12.818629 12.631249
0.000100 -2.191740 10.113940 0.781932 2.412237 0.712000 2.635000 3.684600 1.346000 8 0.520000 0.410000 8.950000 6.850000 4.800000 3.740000 3.020000 3.000000 -0.000000 0.000000 0.751200 0.248600 0.000013 0.000012 0.000041  0.000151 -1.817000 15.881829 14.427669 13.694589 13.386629 13.220249
0.000100 -2.191740 10.113940 0.781932 2.412237 0.705000 2.637000 3.684200 1.338000 8 0.520000 0.410000 9.080000 6.930000 4.860000 3.790000 3.060000 3.000000 -0.000000 0.000000 0.751200 0.248600 0.000013 0.000012 0.000041  0.000151 -1.824000 15.887829 14.424669 13.688589 13.379629 13.213249
0.000100 -2.191740 10.113940 0.781932 2.412237 0.695000 2.707000 3.679800 1.244000 8 0.520000 0.410000 11.050000 8.180000 5.690000 4.440000 3.600000 2.000000 -0.000000 0.000000 0.751200 0.248600 0.000013 0.000012 0.000041  0.000151 -1.998000 15.874829 14.298669 13.519589 13.198629 13.026249
0.000100 -2.191740 10.113940 0.781933 2.412238 0.684000 2.893000 3.668300 1.006000 8 0.520000 0.410000 18.310000 12.540000 8.550000 6.730000 5.450000 1.000000 -0.000000 0.000000 0.751200 0.248600 0.000013 0.000012 0.000041  0.000151 -2.462000 15.973829 14.007669 13.081589 12.721629 12.528249
0.000100 -2.191740 10.113940 0.781933 2.412238 0.671000 3.063000 3.657700 0.785000 8 0.521000 0.410000 29.230000 18.590000 12.450000 9.860000 7.990000 1.000000 -0.000000 0.000000 0.751200 0.248600 0.000013 0.000012 0.000041  0.000151 -2.887000 16.286829 13.830669 12.703589 12.290629 12.072249
0.000100 -2.191740 10.113940 0.781934 2.412238 0.656000 3.174000 3.650700 0.636000 8 0.521000 0.410000 40.070000 24.220000 16.020000 12.740000 10.330000 1.000000 -0.000000 0.000000 0.751200 0.248600 0.000013 0.000012 0.000041  0.000151 -3.165000 16.360829 13.696669 12.466589 12.019629 11.784249
0.000100 -2.191740 10.113940 0.781934 2.412238 0.640000 3.232000 3.646800 0.551000 8 0.521000 0.410000 47.810000 28.040000 18.410000 14.690000 11.910000 1.000000 -0.000001 0.000000 0.751200 0.248600 0.000013 0.000012 0.000041  0.000151 -3.311000 16.416829 13.636669 12.348589 11.881629 11.635249
0.000100 -2.191740 10.113940 0.781935 2.412239 0.622000 3.257000 3.644900 0.507000 8 0.522000 0.410000 52.310000 30.160000 19.730000 15.780000 12.790000 1.000000 -0.000001 0.000000 0.751200 0.248600 0.000013 0.000012 0.000041  0.000151 -3.372000 16.459829 13.619669 12.300589 11.823629 11.572249
0.000100 -2.191740 10.113940 0.781936 2.412239 0.604000 3.267000 3.643800 0.479000 8 0.522000 0.410000 55.230000 31.450000 20.520000 16.440000 13.330000 0.000000 -0.000001 0.000000 0.751200 0.248600 0.000013 0.000012 0.000041  0.000151 -3.398000 16.495829 13.622669 12.284589 11.800629 11.546249
0.000100 -2.191740 10.113940 0.781939 2.412240 0.523000  4.000000 1.897000 9 0.524000 0.000000 0.000000 0.000000 0.000000 0.000000 0.000000  -0.000000 0.000000 0.751200 0.248600 0.000013 0.000012 0.000041  0.000151 29.767000 46.262829 45.460669 45.652589 45.830629 45.933249
